56
36
49
4
41
68
36
35
4
69
90
99
77
75
25
77
60
58
23
33
46
98
20
53
80
56
85
97
91
77
73
61
6
61
87
29
33
63
73
17
70
39
96
62
52
63
86
90
72
14
79
76
9
44
18
23
92
47
22
1
88
42
67
27
77
53
1
36
68
76
8
3
35
77
45
19
45
13
38
7
0
3
86
11
41
90
71
22
22
4
27
57
91
75
85
64
74
43
73
20
40
95
17
85
70
86
75
31
10
86
37
29
7
4
27
33
40
10
23
31
31
95
31
64
35
5
56
51
12
25
93
81
95
99
26
74
83
36
43
92
90
78
29
19
70
99
31
22
3
78
15
38
77
20
91
0
44
43
7
22
8
49
66
79
80
24
85
11
15
1
77
40
97
3
92
66
52
78
58
62
62
90
30
54
92
10
52
57
29
17
95
94
50
89
63
86
98
83
21
20
89
58
16
53
23
43
73
46
66
55
51
38
5
97
84
4
35
51
16
89
96
76
42
50
5
47
82
19
39
43
31
28
86
68
14
45
51
42
80
62
91
64
8
44
77
11
37
84
79
6
95
25
40
3
54
12
5
68
69
60
62
96
73
24
86
61
29
47
59
79
70
35
40
78
35
2
92
81
58
81
75
2
91
82
85
31
35
21
43
64
17
35
55
59
41
4
20
14
22
4
22
38
62
60
68
69
29
23
55
30
42
84
44
13
22
43
91
47
43
16
67
47
90
63
38
35
14
75
5
66
56
50
4
52
28
75
32
61
50
71
15
2
58
24
58
61
41
84
54
48
28
14
48
45
0
52
14
29
21
18
28
91
49
46
61
36
48
86
64
54
57
86
86
94
32
23
32
15
32
81
90
97
73
23
59
46
14
35
97
76
81
12
62
8
51
97
61
7
27
65
10
24
55
8
21
81
10
30
26
60
47
38
39
78
18
83
55
54
81
50
86
1
66
47
86
77
71
22
36
84
96
98
57
99
40
46
21
36
11
92
93
6
33
79
69
92
76
33
25
57
69
55
21
11
36
5
88
9
49
85
94
35
39
50
23
14
4
7
12
86
64
39
33
74
47
89
4
98
86
85
44
2
78
84
42
66
88
2
26
10
64
42
4
49
1
4
72
39
47
30
24
12
76
88
57
67
5
7
32
28
72
49
5
99
20
91
77
79
97
19
98
14
86
69
4
89
13
78
66
32
40
17
59
89
31
11
9
71
75
53
6
59
75
63
87
22
70
95
14
89
99
4
0
74
73
3
35
0
75
49
62
71
61
59
15
73
97
27
26
45
96
91
16
19
29
52
51
36
33
96
81
24
30
21
33
90
58
54
77
77
19
49
66
62
64
85
78
25
27
4
72
76
50
61
55
14
45
11
44
26
81
47
91
81
59
1
92
26
16
56
74
41
6
1
34
66
17
49
90
72
88
92
66
46
7
11
15
82
56
21
71
54
6
14
54
0
13
69
6
38
53
52
75
82
51
98
17
63
58
13
86
27
88
17
17
93
76
2
9
11
84
26
52
61
51
67
95
47
52
96
11
78
99
98
38
63
70
11
8
33
77
55
25
21
63
80
68
95
16
8
27
76
23
93
74
51
97
69
50
1
97
39
82
62
23
98
16
13
60
85
34
72
83
61
85
62
34
52
40
50
17
35
46
77
32
43
33
23
80
4
15
43
95
6
31
61
69
33
98
14
8
80
64
20
72
22
37
7
64
66
32
59
41
90
91
63
96
64
46
35
76
40
55
51
90
4
35
9
13
93
90
78
26
88
25
32
80
43
49
91
69
82
25
94
73
65
96
1
61
27
61
54
92
93
48
97
86
18
58
85
58
16
53
28
14
92
26
58
74
90
61
91
6
76
94
75
85
29
7
12
22
13
5
99
94
20
19
99
56
68
63
12
89
93
60
60
57
65
14
64
28
52
40
82
6
35
24
62
68
76
90
35
35
69
7
80
92
99
9
84
3
58
35
27
74
52
85
3
90
2
90
20
8
58
24
40
77
83
79
47
71
84
59
2
93
85
66
47
47
20
40
37
15
31
61
62
57
17
54
32
1
84
82
64
26
75
12
34
99
78
73
1
59
83
48
2
63
55
55
69
3
94
57
80
17
31
93
14
13
20
18
11
58
43
81
49
88
87
12
51
57
98
61
50
69
27
55
42
53
91
61
22
71
9
77
25
16
40
17
17
4
18
92
85
14
2
27
59
92
2
0
28
2
92
57
64
52
39
26
75
75
42
49
67
8
77
14
11
60
24
